[settings]
infectedLocations = [[17.55966, 2.92236], [13.58969, 11.7352], [14.54168, 3.70201], [7.82893, 7.51796], [5.5236, 11.38121], [1.40585, 12.2123], [4.68875, 9.75527], [6.46313, 18.54902], [9.17505, 9.67215], [18.52518, 0.88393], [16.39252, 4.62708], [8.07621, 4.97018], [18.60533, 1.00473], [13.41294, 9.1009], [12.28505, 12.22481], [4.66796, 13.61181], [2.49475, 12.092], [16.43845, 6.98394], [4.35596, 18.45323], [18.75202, 19.28395]]
droneLocations = [[14.99245, 12.861], [1.6763, 10.37255], [6.93765, 12.00948], [3.643, 2.84309], [10.89967, 2.8348]]
tankLocations = [[16.07996, 7.92044], [15.9321, 14.4426], [13.95627, 9.12077], [18.80259, 13.59958]]
droneDirections = [[1.76626, 11.84387], [11.84299, 8.7679], [7.66268, 7.59939], [9.4206, 6.94703], [7.62327, 10.54218]]
infectedAmount = [3, 1, 2, 4, 5, 5, 1, 1, 5, 1, 5, 1, 4, 2, 3, 2, 5, 5, 2, 4]
droneCarry = 5
