[settings]
infectedLocations = [[1.02045, 9.29369], [21.58486, 24.47826], [21.72954, 13.67754], [8.23333, 5.40438], [6.45322, 6.57593], [23.66664, 3.15758], [13.87198, 2.45107], [12.0791, 3.70425], [2.99153, 19.18497], [12.11536, 13.51722], [11.54658, 14.76914], [1.25344, 19.24518], [8.48782, 10.65119], [6.17951, 15.52133], [22.90807, 13.84501], [5.75467, 24.28773], [10.84879, 4.94108], [12.56935, 6.99474], [10.71628, 18.33671], [7.73786, 2.91748], [10.97412, 2.61953], [24.22853, 8.66206], [16.90173, 17.4382], [18.02119, 0.78167], [23.89886, 7.46899], [2.42365, 17.28778], [10.60736, 8.17279], [4.59853, 19.10474], [4.47857, 7.70013], [5.69731, 3.88411], [19.65435, 11.11066], [16.83987, 14.47632], [9.27244, 13.30239], [9.4066, 0.75031], [5.75088, 8.44068], [13.73833, 8.39777], [21.30464, 5.09497], [1.25231, 12.84615], [20.63851, 1.99785], [20.58538, 21.22985], [23.10391, 6.05996], [9.07433, 18.53737], [17.1179, 10.7087], [3.13288, 13.89872], [0.43276, 14.16728], [11.96158, 24.64516], [9.01735, 23.45377], [15.02736, 20.67687], [6.50334, 18.41888], [21.44937, 17.97327]]
droneLocations = [[15.65199, 2.74047], [17.74441, 6.09524], [9.54323, 19.66962], [17.38028, 12.71271], [0.66966, 4.68736], [14.26382, 18.09281], [2.99826, 1.10811], [24.44197, 16.94105], [22.31963, 3.38305], [23.8213, 20.38948]]
tankLocations = [[6.99869, 0.35874], [21.6526, 22.64396], [15.14602, 7.97284], [14.25818, 9.61438], [18.40701, 2.86673]]
droneDirections = [[15.97119, 18.24989], [7.92721, 12.39334], [1.66937, 2.22252], [24.72904, 11.8826], [20.19794, 10.17276], [23.50675, 5.6767], [22.63075, 16.59242], [5.0385, 19.88586], [9.47925, 19.23805], [14.85806, 9.09051]]
infectedAmount = [2, 5, 4, 2, 4, 4, 1, 2, 3, 5, 1, 3, 1, 3, 3, 4, 2, 1, 2, 1, 1, 3, 3, 4, 2, 3, 5, 2, 3, 3, 3, 5, 4, 3, 1, 3, 4, 3, 1, 4, 5, 2, 3, 4, 4, 5, 3, 5, 4, 2]
droneCarry = 5