[settings]
infectedLocations = [[8.32332, 6.34562], [23.43151, 9.7453], [9.58559, 18.78163], [14.09626, 1.5086], [5.39041, 22.279], [21.73897, 13.68333], [20.95201, 20.02037], [12.25465, 6.88767], [15.12233, 1.19621], [12.66604, 16.31318], [19.91031, 13.32867], [18.98708, 17.34158], [4.23531, 22.05627], [23.27053, 4.72116], [9.99353, 1.82077], [5.05399, 3.64745], [8.05302, 7.70371], [7.3832, 22.52285], [22.45113, 0.40433], [4.16714, 4.77531], [11.89864, 4.46979], [5.92981, 6.86067], [8.33065, 10.81454], [16.26482, 19.22192], [16.13028, 10.56005], [12.30853, 13.46339], [7.11927, 19.31099], [23.56232, 22.49333], [16.46841, 20.44708], [0.36406, 9.02434], [21.09798, 1.19793], [15.06356, 9.52619], [7.11832, 11.19536], [16.85729, 22.1307], [16.47172, 15.60147], [24.10362, 21.30894], [11.10453, 14.74043], [13.86459, 22.00368], [7.51022, 14.45137], [10.08643, 16.50829], [10.93568, 24.08633], [18.48943, 4.09429], [10.54806, 11.78294], [24.25275, 19.77208], [4.94419, 19.98914], [13.51801, 8.03816], [13.85431, 3.86178], [24.98083, 24.27575], [15.46761, 14.6741], [0.13394, 22.64264]]
droneLocations = [[4.03613, 1.49149], [15.54634, 22.47926], [22.03636, 19.49191], [11.21157, 2.55796], [4.21003, 19.22154], [21.68366, 23.98799], [14.99959, 13.54963], [9.37445, 11.16772], [8.18894, 19.15956], [22.57075, 6.16437]]
tankLocations = [[1.86421, 2.79718], [8.0661, 0.75141], [24.47936, 1.08041], [21.68236, 3.85247], [1.17525, 14.85058], [5.63123, 2.5003], [19.62121, 0.26544], [6.03709, 10.58968], [17.77185, 10.72663], [0.98999, 16.34682]]
droneDirections = [[7.95345, 1.71186], [19.81011, 3.08546], [5.35627, 24.33747], [12.14582, 12.25134], [5.19399, 17.21291], [10.57947, 13.79769], [11.13483, 18.35983], [7.63487, 23.61994], [18.22112, 14.6308], [3.52754, 20.47153]]
infectedAmount = [5, 1, 4, 4, 5, 1, 3, 2, 4, 1, 1, 4, 1, 1, 4, 2, 4, 4, 5, 3, 1, 5, 1, 3, 3, 5, 3, 5, 2, 4, 3, 1, 2, 2, 3, 3, 2, 5, 5, 3, 3, 5, 4, 3, 3, 4, 2, 2, 1, 2]
droneCarry = 5