[settings]
infectedLocations = [[24.92479, 8.65997], [19.8921, 16.25289], [21.72593, 17.52329], [10.68744, 9.794], [11.81683, 9.47986], [24.7491, 13.27118], [19.0434, 17.90722], [8.33246, 6.01199], [0.50759, 18.63734], [11.46102, 0.05632], [5.00748, 16.05035], [0.82319, 1.72484], [4.85226, 14.17843], [2.60616, 4.01999], [6.36981, 9.46812], [1.54277, 17.42809], [21.18456, 9.9528], [3.21697, 12.16847], [24.25358, 4.98448], [11.51085, 7.91033], [14.72883, 20.53713], [2.95869, 9.43184], [12.4052, 13.91242], [5.84867, 12.53173], [22.47676, 8.24845], [23.05327, 13.91525], [12.33906, 19.94556], [8.78116, 15.45537], [20.42524, 12.6022], [4.89478, 9.65956], [16.06857, 0.13137], [18.68889, 8.19591], [19.19765, 1.2651], [10.79809, 18.75478], [23.72393, 23.94877], [11.42112, 15.24946], [15.74144, 10.97092], [17.72747, 24.94344], [11.96136, 4.39982], [15.80509, 13.79028], [1.3104, 20.82023], [8.02294, 19.38529], [16.18675, 14.94092], [24.81546, 19.82765], [22.42362, 14.91499], [5.00208, 10.99156], [16.04578, 20.54608], [12.03297, 17.90792], [20.86677, 11.36871], [5.73258, 8.40414]]
droneLocations = [[2.66379, 13.19601], [15.02372, 18.54053], [13.9981, 24.33097], [3.25394, 1.06138], [9.54889, 12.94953], [5.96119, 20.31869], [11.43521, 3.42069], [14.15852, 0.44934], [17.2233, 0.82907], [7.59573, 22.85258]]
tankLocations = [[16.16302, 3.22916], [3.00769, 21.54844], [1.10071, 4.7713], [4.5469, 2.57802], [6.30941, 18.90403], [18.11359, 12.51351], [13.55467, 20.08581], [20.68378, 3.20488], [24.50258, 11.67404], [11.18338, 5.54408], [7.27328, 8.03128], [12.67259, 2.01185], [1.11012, 3.11536], [17.01193, 10.65658], [6.62213, 15.93599]]
droneDirections = [[11.08736, 7.87999], [12.82302, 20.28004], [11.56925, 10.18021], [1.18644, 20.65339], [4.82101, 22.03169], [19.53058, 15.88787], [1.54734, 17.19648], [21.83127, 6.18982], [1.17048, 14.89836], [15.5022, 4.39121]]
infectedAmount = [1, 2, 4, 3, 5, 5, 1, 4, 4, 4, 4, 2, 3, 4, 2, 1, 4, 2, 3, 2, 1, 2, 5, 1, 4, 1, 4, 4, 5, 5, 4, 3, 3, 3, 1, 1, 4, 1, 2, 4, 4, 3, 2, 1, 1, 4, 2, 1, 1, 4]
droneCarry = 5