[settings]
infectedLocations = [[8.93184, 4.50838], [24.78667, 9.12706], [3.57141, 23.55225], [16.93093, 9.66963], [24.1262, 19.44686], [16.53276, 24.28441], [7.38171, 10.2894], [7.69589, 21.2783], [20.25874, 0.47268], [13.46157, 21.77073], [10.71439, 12.10948], [17.10931, 7.22902], [9.37659, 13.2404], [10.206, 3.47429], [22.84516, 3.4706], [2.94771, 5.64739], [0.6013, 6.58457], [17.57651, 20.11907], [21.10164, 2.0585], [10.57009, 18.77646]]
droneLocations = [[13.50805, 0.00698], [9.8391, 7.12997], [13.29936, 18.60647], [4.59901, 22.45993], [4.79139, 2.63179]]
tankLocations = [[2.53852, 23.62459], [16.77698, 4.20944]]
droneDirections = [[0.88168, 18.20275], [17.01663, 2.11767], [7.1612, 3.05376], [7.81875, 23.11937], [4.38171, 10.95536]]
infectedAmount = [3, 2, 2, 1, 2, 1, 4, 1, 1, 4, 2, 4, 5, 1, 3, 5, 1, 3, 3, 3]
droneCarry = 5