[settings]
infectedLocations = [[10.48655, 1.15704], [16.81986, 0.68201], [9.38481, 17.04179], [8.61462, 10.12093], [14.79487, 16.06795], [15.92954, 9.26749], [0.86479, 20.42175], [0.71708, 16.51501], [6.18467, 11.76003], [16.52059, 22.32042], [10.69482, 23.28701], [4.79722, 12.75808], [3.01583, 21.23892], [4.14092, 9.97911], [3.08506, 23.94232], [21.34588, 22.1966], [6.88388, 1.3645], [12.43186, 23.66058], [5.51512, 23.0958], [5.10526, 21.77439], [19.06341, 0.78119], [13.14447, 3.75414], [20.803, 10.37574], [12.46361, 14.36607], [17.49613, 18.90153], [15.99551, 6.23319], [11.00367, 5.07373], [2.83309, 14.97399], [2.39908, 11.20388], [8.01317, 4.57919]]
droneLocations = [[6.70607, 5.79713], [22.21696, 18.91863], [19.30192, 3.88918], [14.76908, 0.90654], [7.31199, 13.60618]]
tankLocations = [[6.15813, 20.26671], [12.46128, 16.63527]]
droneDirections = [[15.04901, 6.69111], [10.88668, 5.66403], [14.05477, 20.8953], [18.68476, 0.46946], [7.06007, 19.02299]]
infectedAmount = [1, 3, 1, 1, 5, 3, 1, 4, 1, 4, 1, 5, 4, 1, 2, 4, 2, 5, 5, 5, 2, 1, 5, 2, 5, 4, 3, 4, 3, 1]
droneCarry = 5