[settings]
infectedLocations = [[12.72261, 21.56245], [19.23688, 1.49195], [8.8264, 0.61733], [22.50092, 14.29508], [22.01287, 10.29612], [5.94235, 7.40222], [24.30335, 12.60635], [17.09937, 6.53344], [3.7321, 21.77858], [4.30124, 6.76381]]
droneLocations = [[2.97949, 19.73053], [17.95103, 8.06352], [24.48809, 24.6287], [11.56215, 12.18455], [17.68003, 19.32309]]
tankLocations = [[13.29372, 1.92694], [7.34816, 14.67651]]
droneDirections = [[0.87764, 11.12564], [8.03634, 11.55663], [7.29236, 18.40256], [7.86646, 15.28333], [12.71879, 14.06855]]
infectedAmount = [4, 5, 2, 1, 4, 3, 3, 2, 1, 2]
droneCarry = 5