[settings]
infectedLocations = [[17.25987, 19.726], [13.77909, 20.08459], [9.52144, 20.88655], [2.74715, 14.61707], [9.66898, 8.68635], [19.96171, 13.16579], [21.74495, 8.08553], [22.70714, 14.24599], [12.60416, 15.23347], [22.83666, 8.91415], [17.54438, 21.37233], [7.39303, 13.05237], [24.76133, 0.028], [4.86521, 2.27146], [24.01523, 24.48955], [18.60508, 9.11718], [11.8476, 19.25336], [18.26606, 18.02442], [5.65444, 24.82885], [22.12999, 6.86821], [16.55811, 0.04104], [14.62739, 8.82935], [3.03472, 6.74602], [11.53334, 4.97648], [10.33217, 0.34707], [19.15667, 18.952], [21.86412, 4.02936], [24.869, 13.43408], [23.68572, 18.2366], [15.12356, 6.9261], [19.11838, 4.73059], [21.8219, 17.89509], [6.33428, 20.43625], [0.28505, 2.18725], [14.93257, 10.93716], [0.33421, 8.30894], [15.80552, 13.23572], [1.9021, 23.87606], [1.14783, 1.12324], [21.52698, 15.81708]]
droneLocations = [[1.44815, 6.18901], [3.29936, 22.05785], [1.82608, 13.57198], [4.63737, 21.80883], [5.08755, 18.96224]]
tankLocations = [[1.65617, 8.35424], [23.50933, 5.79822]]
droneDirections = [[19.58612, 8.38278], [22.42444, 15.46274], [23.5069, 20.98316], [21.73512, 23.20483], [23.17517, 9.78768]]
infectedAmount = [3, 4, 5, 1, 5, 2, 1, 4, 5, 2, 3, 3, 4, 2, 2, 1, 3, 1, 2, 2, 4, 1, 4, 1, 3, 3, 2, 4, 1, 3, 4, 3, 3, 2, 5, 3, 3, 4, 3, 2]
droneCarry = 5