[settings]
infectedLocations = [[5.58383, 6.30543], [23.60176, 24.49938], [11.37186, 23.42569], [2.21234, 15.06412], [15.3476, 15.6603], [5.01599, 17.1443], [21.03991, 20.16466], [2.73379, 10.98557], [18.96196, 17.50554], [7.94098, 4.72123], [15.76454, 19.35533], [10.12926, 8.65955], [5.59172, 14.79199], [2.17294, 1.84811], [18.13373, 5.7297], [17.52061, 13.18755], [0.73062, 0.37865], [8.89758, 12.61268], [9.1528, 21.04697], [11.03905, 4.28304], [14.58896, 1.67946], [24.38549, 16.19176], [8.67175, 3.35578], [13.17667, 13.45556], [18.97795, 2.09877], [3.63858, 3.21888], [2.52484, 21.09497], [24.62246, 0.33466], [7.17371, 19.84984], [8.99134, 16.6798], [20.71387, 21.5945], [1.74288, 10.71942], [7.86811, 23.42544], [14.13741, 10.51972], [5.39043, 3.27392], [10.56472, 0.23402], [12.11175, 19.67972], [22.61246, 9.00127], [16.22833, 3.8294], [14.50398, 19.26325]]
droneLocations = [[21.84708, 0.32626], [9.6768, 14.01641], [13.46176, 0.15978], [22.24575, 5.52568], [4.78736, 0.37784], [8.58231, 24.53126], [6.90858, 4.29814], [5.07202, 20.5119], [12.18973, 4.5774], [24.71621, 8.10667]]
tankLocations = [[11.44275, 1.33135], [12.58564, 11.70441]]
droneDirections = [[23.88505, 17.1022], [21.75942, 23.11224], [4.48563, 20.7052], [20.46058, 17.04543], [11.43691, 21.90393], [17.72492, 22.23599], [2.13241, 18.69793], [21.07959, 3.19649], [4.17456, 9.52094], [23.93227, 12.12189]]
infectedAmount = [4, 1, 1, 3, 4, 3, 5, 5, 3, 2, 1, 4, 3, 3, 1, 1, 1, 1, 3, 2, 5, 1, 2, 2, 2, 1, 4, 5, 3, 2, 2, 3, 3, 3, 3, 2, 3, 4, 5, 2]
droneCarry = 5