[settings]
infectedLocations = [[9.26067, 18.20175], [11.55181, 5.98444], [5.42843, 18.12245], [13.761, 22.62243], [16.2963, 11.97088], [24.988, 2.96807], [19.86379, 7.41335], [8.33446, 20.48965], [16.51353, 24.70395], [18.49358, 19.90534], [3.4363, 10.08621], [17.32388, 6.20193], [22.56714, 1.08665], [6.54342, 9.57417], [2.70954, 1.83433], [1.54465, 17.48274], [13.03798, 17.79659], [23.98214, 0.0541], [4.96554, 12.03633], [12.23101, 7.24846], [10.98228, 14.15021], [16.44053, 10.04883], [12.78214, 9.13955], [24.0621, 8.23688], [19.93208, 22.11575], [20.50623, 13.57903], [20.23311, 16.46673], [1.41759, 3.0585], [15.63423, 2.34452], [7.39065, 22.86307], [0.11627, 11.39785], [0.10633, 2.32997], [4.9509, 16.87554], [12.71031, 16.47478], [9.2726, 22.16935], [18.24509, 24.18324], [11.12532, 8.87084], [22.61262, 16.14081], [3.77356, 4.31155], [22.60203, 6.39308]]
droneLocations = [[7.44046, 6.64947], [4.82311, 24.12312], [15.85575, 17.02901], [3.35976, 7.12237], [2.42633, 15.71113], [9.41094, 11.33207], [13.72027, 17.00922], [23.1631, 22.94208], [13.82095, 8.01395], [19.81883, 24.12229], [3.8246, 2.62392], [23.73014, 21.22727], [6.53299, 11.00234], [1.4907, 4.6], [5.45779, 10.4823]]
tankLocations = [[0.41391, 24.24246], [9.49338, 24.1913]]
droneDirections = [[5.67767, 19.28749], [1.0594, 21.63874], [20.72842, 1.26651], [6.94768, 10.31407], [18.35935, 23.7987], [3.52007, 23.87138], [5.30941, 3.94182], [0.86683, 4.92256], [15.98092, 3.28149], [0.3046, 1.14294], [16.82834, 10.35186], [20.75227, 17.00577], [12.95809, 2.71379], [16.99361, 11.59505], [17.92364, 20.98898]]
infectedAmount = [1, 5, 1, 2, 2, 5, 5, 1, 5, 3, 2, 2, 5, 5, 2, 2, 3, 2, 5, 1, 2, 2, 3, 5, 2, 1, 1, 1, 4, 3, 4, 3, 3, 3, 1, 4, 4, 1, 4, 3]
droneCarry = 5