[settings]
infectedLocations = [[14.81192, 3.83731], [15.07091, 12.02358], [19.36144, 14.26079], [18.92918, 16.14282], [13.77432, 24.04403], [3.91263, 2.10126], [1.78406, 13.50643], [23.50612, 4.03854], [17.57505, 11.61424], [1.76507, 9.90291], [1.30304, 23.5523], [15.29219, 5.25379], [6.63875, 19.17806], [8.60925, 14.39702], [24.06911, 16.20565], [9.99887, 3.90998], [3.10981, 21.87431], [22.0756, 23.55228], [23.27432, 16.83188], [2.38343, 23.60211], [0.38186, 0.33825], [0.11052, 9.04754], [20.37062, 11.22], [11.98041, 2.67225], [7.77079, 11.46979], [23.49235, 18.48955], [22.17391, 16.91083], [23.83614, 17.89747], [6.84092, 22.53969], [14.35658, 24.24888], [7.08616, 12.78424], [1.87746, 11.34407], [16.06649, 1.26169], [11.5949, 4.02499], [2.64164, 17.40069], [1.34804, 2.76002], [21.00806, 4.78112], [13.91097, 1.96837], [18.95164, 2.43019], [0.09496, 20.37175], [13.80455, 5.09736], [6.44102, 22.1013], [12.67332, 8.47287], [18.06321, 12.83868], [16.26864, 23.91363], [8.8586, 22.7161], [17.96006, 22.13741], [12.13009, 21.26509], [14.4026, 9.64428], [20.91756, 9.33885]]
droneLocations = [[24.33753, 5.83528], [21.03482, 17.48312], [20.64222, 20.38485], [7.10704, 21.70927], [12.37609, 23.79841]]
tankLocations = [[5.61027, 5.40713], [14.75518, 20.34657], [22.29366, 14.44049], [24.39962, 12.45687], [23.6793, 1.86204], [9.43836, 8.73455], [12.64311, 24.61072], [5.24583, 3.20588], [15.16901, 9.42495], [9.45262, 1.56129], [6.33044, 15.63882], [6.51334, 0.72334], [12.62248, 8.76799], [4.34164, 20.57168], [0.57302, 10.77376], [3.45578, 19.38385], [19.88961, 4.29048], [20.69034, 0.6967], [22.7862, 7.37669], [18.44159, 20.61915], [9.66702, 8.29041], [22.91226, 18.06208], [5.67959, 22.97567], [17.67402, 8.18017], [22.79246, 1.10012]]
droneDirections = [[3.67036, 13.46012], [2.0975, 2.00638], [3.21074, 8.1728], [11.84385, 17.77997], [15.64332, 4.74347]]
infectedAmount = [1, 1, 4, 4, 2, 5, 4, 5, 4, 4, 4, 5, 4, 3, 1, 2, 4, 3, 4, 5, 3, 5, 2, 2, 3, 5, 1, 3, 5, 2, 2, 1, 2, 1, 3, 3, 3, 4, 4, 4, 1, 1, 5, 3, 2, 1, 2, 2, 3, 4]
droneCarry = 5