[settings]
infectedLocations = [[2.41788, 9.27322], [0.77784, 7.32329], [6.39933, 1.51322], [4.11191, 3.56653], [3.78997, 4.21998], [2.75994, 2.31948], [8.85433, 3.55804], [3.69592, 7.74987], [4.05065, 6.82973], [1.99638, 7.97007], [6.52174, 4.73776], [2.29553, 6.40074], [0.48308, 7.69795], [9.14197, 5.70081], [2.00319, 0.77149]]
droneLocations = [[3.50338, 3.22482], [9.02451, 2.12157], [1.07625, 1.07602], [5.43999, 8.29868]]
tankLocations = [[5.23273, 5.63126], [4.51585, 4.3489], [9.61695, 5.48665]]
droneDirections = [[1.86421, 6.37506], [7.66408, 9.46538], [9.91629, 6.14879], [2.38758, 2.04539]]
infectedAmount = [2, 2, 1, 1, 3, 4, 1, 1, 2, 2, 2, 2, 3, 4, 2]
droneCarry = 5