[settings]
infectedLocations = [[3.80443, 0.13471], [4.67705, 0.68882]]
droneLocations = [[3.36212, 0.07696], [3.24839, 1.10485]]
tankLocations = [[0.73099, 2.18911], [2.35826, 1.36277]]
droneDirections = [[3.08398, 4.89692], [2.52999, 2.38204]]
infectedAmount = [3, 5]
droneCarry = 5