[settings]
infectedLocations = [[1.81622, 0.87471], [4.5156, 1.58041], [3.97965, 2.97166], [3.03513, 1.11684]]
droneLocations = [[3.36212, 0.07696], [3.24839, 1.10485]]
tankLocations = [[0.73099, 2.18911], [2.35826, 1.36277]]
droneDirections = [[3.08398, 4.89692], [2.52999, 2.38204]]
infectedAmount = [1, 4, 4, 3]
droneCarry = 5
