[settings]
infectedLocations = [[4.50665, 1.79398], [4.87502, 3.62888], [4.24237, 2.53362], [0.23352, 4.69503], [1.95302, 2.25186], [3.85006, 0.78209]]
droneLocations = [[3.36212, 0.07696], [3.24839, 1.10485]]
tankLocations = [[0.73099, 2.18911], [2.35826, 1.36277]]
droneDirections = [[3.08398, 4.89692], [2.52999, 2.38204]]
infectedAmount = [5, 2, 2, 5, 5, 5]
droneCarry = 5
