[settings]
infectedLocations = [[16.3648, 24.47054], [7.10861, 16.75342], [21.88013, 21.81832], [4.30477, 23.28106], [2.88597, 3.10876], [15.06496, 20.72305], [3.94638, 18.9481], [1.66012, 15.6636], [17.47245, 17.05703], [21.09617, 9.56882]]
droneLocations = [[13.11014, 17.9118], [12.75288, 8.40764], [24.85471, 12.67442], [18.22958, 11.69259], [12.19686, 9.01159]]
tankLocations = [[21.36113, 14.39877], [5.73291, 5.23969]]
droneDirections = [[13.68564, 14.68231], [13.09153, 21.7268], [4.30772, 14.92533], [23.46719, 1.03334], [9.63921, 13.70522]]
infectedAmount = [2, 1, 1, 3, 1, 4, 5, 4, 3, 5]
droneCarry = 5