[settings]
infectedLocations = [[16.76862, 3.85945], [23.4331, 13.79822], [8.55096, 18.97191], [12.14972, 5.66729], [9.41091, 1.21779], [9.7541, 13.47175], [2.96823, 15.45928], [1.57421, 0.22855], [13.57546, 18.67996], [15.90424, 16.1609], [5.77542, 15.58511], [17.37129, 4.05442], [19.02409, 1.11713], [20.11052, 4.03267], [21.87158, 19.53144], [13.66694, 7.90875], [16.99369, 13.83645], [7.79714, 18.35929], [5.38181, 22.9153], [11.57491, 7.39832], [10.99567, 2.26242], [22.06867, 10.86587], [13.07797, 12.15934], [1.93868, 22.17679], [18.25438, 9.12425], [5.50157, 4.54671], [19.70513, 17.4379], [22.53335, 12.33745], [11.5676, 23.37906], [15.77309, 20.85122]]
droneLocations = [[11.98214, 11.62868], [17.46737, 16.97884], [23.46289, 21.68641], [10.01806, 24.5585], [12.73052, 6.25988]]
tankLocations = [[11.72676, 7.52828], [12.57598, 19.08117]]
droneDirections = [[17.1684, 4.92035], [21.39751, 21.57341], [13.10094, 24.91249], [1.62325, 24.20164], [17.46345, 23.76849]]
infectedAmount = [3, 3, 1, 2, 3, 5, 3, 3, 2, 4, 5, 5, 2, 3, 4, 1, 4, 3, 3, 3, 3, 4, 1, 2, 4, 2, 5, 5, 1, 2]
droneCarry = 5