[settings]
infectedLocations = [[4.36923, 7.76803], [15.81699, 21.67214], [21.33216, 1.72887], [11.75886, 6.07692], [8.53094, 8.39628], [5.3368, 2.27227], [7.42968, 10.19519], [16.589, 21.64197], [9.43023, 1.57677], [0.4632, 3.42418], [11.68205, 16.86479], [16.43048, 22.54945], [1.71464, 8.47805], [21.11147, 3.98828], [20.54102, 6.75579], [21.0079, 21.10576], [2.26595, 19.88555], [23.22009, 10.51291], [0.45963, 12.45134], [15.08383, 10.0606], [18.91922, 7.40427], [24.19807, 2.72323], [22.68749, 11.91192], [9.56383, 17.51797], [10.97126, 20.25887], [12.84059, 0.331], [5.23013, 14.44628], [6.5445, 17.26898], [15.32715, 5.03549], [2.81408, 3.91244], [7.8414, 20.84508], [7.70996, 17.21061], [24.27309, 9.83931], [9.45527, 11.47276], [21.82559, 24.98322], [12.39884, 19.07627], [9.79605, 22.19752], [10.30057, 24.73645], [11.50325, 18.08593], [18.76704, 6.25396], [22.89258, 16.85831], [14.81374, 4.20487], [12.06908, 24.68676], [24.30368, 5.45889], [22.47397, 9.31634], [17.42968, 16.889], [0.76714, 12.90711], [21.59401, 14.54178], [2.88329, 0.7843], [1.25944, 15.115]]
droneLocations = [[7.88664, 21.2579], [0.97736, 15.26514], [4.45267, 10.07077], [0.49041, 15.50351], [22.2947, 5.55987]]
tankLocations = [[17.81222, 1.10555], [15.85323, 4.65005]]
droneDirections = [[18.11774, 17.87299], [5.64197, 13.67903], [12.0656, 12.08722], [9.63926, 12.07616], [13.68259, 5.57775]]
infectedAmount = [3, 5, 4, 3, 4, 5, 1, 5, 1, 3, 1, 5, 5, 4, 2, 4, 3, 3, 3, 1, 3, 2, 2, 2, 2, 5, 3, 3, 1, 5, 2, 4, 5, 3, 5, 3, 3, 4, 5, 4, 2, 3, 3, 5, 3, 2, 3, 5, 1, 1]
droneCarry = 5