[settings]
infectedLocations = [[19.60754, 21.45408], [5.59923, 15.62514], [15.21101, 20.12579], [15.94292, 6.78853], [24.71141, 21.57427], [4.951, 17.71179], [23.28721, 6.62081], [18.15393, 14.47384], [10.64029, 8.41278], [4.13311, 4.50267], [11.10067, 0.18104], [2.00762, 5.97032], [2.24613, 6.31187], [11.24612, 15.49602], [20.76829, 4.40105], [3.03295, 0.48377], [17.61947, 24.2967], [12.74205, 8.76386], [22.23029, 7.95301], [18.595, 1.45782], [22.70844, 13.65603], [3.76134, 16.77646], [15.81038, 10.76328], [15.48715, 13.24548], [17.09456, 16.18864], [20.75192, 15.93653], [13.99617, 1.75973], [23.04175, 2.62423], [16.92347, 2.56647], [13.10346, 14.00518], [16.98121, 11.54038], [22.64873, 4.28243], [16.54572, 7.20763], [22.18358, 10.08979], [10.78863, 14.52185], [13.1195, 6.90888], [24.92265, 10.2882], [22.11493, 2.98556], [13.02848, 3.58731], [21.59975, 3.97087], [19.79962, 18.0979], [10.65494, 17.33125], [20.60513, 6.03016], [0.0784, 3.226], [8.32982, 0.05608], [5.3498, 4.61015], [9.91432, 24.42962], [16.15436, 14.2615], [24.31065, 15.27989], [10.7625, 11.89108], [5.24873, 19.91433], [22.69617, 3.61705], [23.63003, 2.34168], [13.31868, 14.84918], [23.80697, 24.75409], [20.11219, 15.91895], [14.02073, 6.47082], [24.29662, 6.21551], [16.05154, 8.21738], [18.82391, 13.62512], [17.91248, 17.96247], [13.30221, 15.23921], [15.3207, 5.55799], [1.30452, 11.02689], [6.47583, 16.51344], [19.6063, 6.52527], [19.47595, 16.6954], [16.02311, 1.45851], [22.75281, 1.64595], [14.00793, 18.1283]]
droneLocations = [[23.36071, 11.22486], [5.67429, 18.05019], [2.68663, 6.72055], [7.31717, 2.65112], [2.99216, 17.95312]]
tankLocations = [[19.65113, 8.60061], [8.24242, 4.81415]]
droneDirections = [[12.80829, 11.53212], [21.4097, 2.95962], [0.10733, 8.98716], [16.12479, 16.4392], [23.69524, 2.01313]]
infectedAmount = [5, 3, 4, 2, 4, 5, 1, 4, 3, 1, 2, 3, 3, 1, 5, 5, 2, 1, 4, 1, 2, 1, 3, 1, 3, 2, 1, 4, 1, 1, 4, 1, 4, 4, 5, 2, 3, 4, 1, 4, 2, 3, 1, 5, 1, 1, 2, 2, 5, 5, 4, 5, 4, 2, 1, 1, 4, 4, 4, 4, 2, 1, 5, 3, 2, 5, 2, 3, 5, 2]
droneCarry = 5