[settings]
infectedLocations = [[21.41109, 14.1], [11.12727, 11.42479], [9.78054, 11.27476], [8.24224, 14.04792], [18.61784, 6.39326], [7.57861, 2.96255], [1.00427, 13.92403], [7.39634, 12.70259], [17.80379, 7.44635], [0.28293, 14.92556], [22.60399, 18.87864], [10.58231, 9.02384], [2.22408, 0.44102], [6.43237, 18.64266], [19.82551, 3.23665], [8.73318, 12.64252], [9.74856, 17.23864], [0.4412, 19.56009], [14.52228, 11.54827], [13.9867, 8.44011], [17.47374, 5.64813], [6.14209, 1.22341], [24.85123, 7.18041], [16.42802, 24.05643], [4.2128, 21.05232], [7.13518, 12.58213], [9.73421, 22.8038], [20.79453, 11.53715], [23.37913, 22.72773], [13.9492, 13.62042], [20.09501, 23.80492], [15.20364, 19.09185], [13.0956, 7.42077], [4.73668, 20.91784], [19.9982, 3.85289], [8.1711, 20.8712], [21.45558, 17.74237], [6.47519, 2.28803], [18.87152, 11.24742], [18.18215, 14.84599], [5.0333, 14.96218], [17.83099, 2.19887], [15.49961, 22.66477], [3.20764, 17.4928], [3.25187, 7.04805], [11.65327, 15.17366], [15.78377, 10.79893], [7.3858, 10.05593], [19.76828, 12.01662], [2.77678, 11.27651], [3.83567, 24.79873], [9.17661, 11.11456], [8.22534, 22.4686], [13.68276, 3.33628], [6.77238, 15.85379], [19.96297, 12.7913], [20.2872, 5.70924], [6.59343, 19.80695], [22.08913, 0.12974], [24.96757, 20.25052], [4.64211, 12.2582], [15.68298, 21.01824], [20.30716, 9.52016], [4.09053, 16.88953], [4.36463, 20.10256], [7.99112, 8.80253], [1.61841, 15.57626], [21.03975, 18.93073], [1.20563, 21.30976], [9.77698, 24.75243], [24.86042, 17.89226], [0.8684, 21.97985], [24.72804, 2.13427], [12.61054, 9.77806], [22.22027, 10.78482], [11.53928, 13.06652], [18.88853, 19.87319], [0.7686, 0.66184], [6.05387, 11.72012], [17.35632, 16.18757], [6.32753, 21.86536], [18.90987, 16.53643], [13.64103, 23.21954], [1.8039, 18.21541], [17.3609, 20.55697], [14.83735, 9.67428], [10.82931, 5.14937], [12.9227, 20.64807], [2.74314, 0.75709], [16.85617, 5.17082]]
droneLocations = [[11.51119, 4.45535], [5.94853, 19.61894], [0.09088, 16.57113], [20.20163, 21.89324], [8.23967, 2.058]]
tankLocations = [[22.62441, 17.87666], [24.94455, 7.23284]]
droneDirections = [[16.29775, 5.96286], [13.6988, 12.84983], [2.58266, 5.99322], [1.3596, 20.75662], [5.70631, 22.97456]]
infectedAmount = [3, 2, 5, 3, 5, 2, 3, 4, 5, 3, 3, 4, 4, 4, 1, 3, 5, 1, 5, 2, 1, 3, 4, 2, 4, 1, 5, 1, 1, 1, 1, 2, 5, 3, 1, 4, 2, 5, 5, 1, 4, 5, 3, 1, 4, 1, 5, 1, 3, 5, 1, 4, 2, 5, 2, 3, 4, 1, 3, 5, 1, 3, 3, 3, 4, 5, 4, 1, 3, 2, 2, 1, 2, 2, 4, 3, 5, 4, 3, 2, 2, 4, 5, 3, 2, 1, 5, 2, 1, 1]
droneCarry = 5