[settings]
infectedLocations = [[9.92368, 6.72884], [8.13502, 3.93958], [24.60409, 7.53659], [12.47586, 11.03806], [7.86978, 21.1546], [12.20495, 0.73703], [0.06125, 2.95103], [7.22013, 2.76359], [10.8043, 18.62419], [19.65682, 2.82878]]
droneLocations = [[13.53582, 5.85636], [15.0121, 17.67741], [14.03952, 2.54768], [1.03598, 23.02746], [11.5579, 15.75202]]
tankLocations = [[6.17658, 7.96027], [20.27277, 9.21491]]
droneDirections = [[2.23973, 13.13168], [1.06375, 24.74339], [24.40044, 11.43288], [23.79412, 5.92582], [13.88242, 15.81561]]
infectedAmount = [3, 4, 1, 2, 4, 4, 5, 2, 5, 3]
droneCarry = 5