[settings]
infectedLocations = [[23.84604, 17.08852], [5.11297, 17.27466], [7.64309, 20.73879], [16.91824, 18.51341], [20.53646, 19.18725], [0.16629, 23.82048], [0.89927, 6.49788], [2.67691, 13.18538], [17.48121, 1.54172], [24.62537, 8.90818], [18.19551, 7.58616], [20.45124, 1.57437], [15.45604, 24.54673], [6.39304, 2.10752], [21.10195, 7.92306], [14.38598, 0.96217], [5.85868, 19.12633], [2.7128, 15.88379], [0.48884, 14.63124], [22.62174, 13.82777]]
droneLocations = [[13.53582, 5.85636], [15.0121, 17.67741], [14.03952, 2.54768], [1.03598, 23.02746], [11.5579, 15.75202]]
tankLocations = [[6.17658, 7.96027], [20.27277, 9.21491]]
droneDirections = [[2.23973, 13.13168], [1.06375, 24.74339], [24.40044, 11.43288], [23.79412, 5.92582], [13.88242, 15.81561]]
infectedAmount = [1, 3, 2, 1, 5, 4, 5, 1, 2, 4, 3, 5, 4, 5, 3, 3, 2, 4, 3, 1]
droneCarry = 5
