[settings]
infectedLocations = [[8.11276, 19.92027], [20.2537, 4.21052], [20.88866, 6.13547], [17.1042, 10.04247], [8.52871, 12.30889], [16.35343, 8.97494], [16.47018, 21.39278], [14.93177, 4.25311], [12.82895, 2.06801], [14.26388, 22.7375], [7.98971, 6.73055], [15.09483, 5.45114], [4.10342, 8.94124], [2.73899, 19.37925], [20.54568, 7.74463], [0.52814, 13.87617], [23.57712, 7.37211], [4.79752, 15.90641], [4.1839, 14.64308], [15.41049, 17.06576], [4.51442, 21.80349], [15.28906, 9.96309], [7.09834, 21.96351], [24.89375, 13.5662], [13.08272, 4.09387], [17.49334, 12.53718], [21.12816, 20.56502], [6.50596, 12.81988], [19.41579, 17.7942], [17.8519, 5.06415], [8.10057, 21.2412], [18.56636, 17.36059], [22.39741, 19.52191], [20.37314, 20.17411], [1.77557, 23.16756], [8.98826, 0.04667], [21.57243, 3.47948], [14.12059, 5.30277], [4.35119, 24.19027], [12.93384, 0.59866], [1.22997, 18.51052], [6.19363, 22.84847], [20.75111, 15.15774], [15.64619, 6.25741], [13.83897, 19.53504], [7.8418, 13.11243], [2.40836, 20.09923], [22.54892, 19.86349], [15.63452, 18.54053], [1.26689, 20.77383]]
droneLocations = [[6.69368, 1.84687], [16.90795, 12.32891], [3.4796, 17.18523], [24.14208, 8.30268], [5.41711, 12.60968]]
tankLocations = [[23.50364, 6.90483], [2.31554, 9.34081], [18.36497, 4.92894], [7.08795, 8.77218], [13.7289, 3.77214], [3.12978, 17.72828], [2.99559, 19.68863], [11.05729, 8.23183], [6.44447, 21.41621], [15.07255, 20.0911]]
droneDirections = [[22.77623, 17.42735], [1.09679, 9.55275], [19.78402, 19.92478], [8.74033, 2.64323], [19.99821, 23.40923]]
infectedAmount = [2, 2, 4, 1, 4, 3, 5, 2, 4, 4, 1, 5, 1, 2, 2, 2, 3, 2, 1, 3, 2, 2, 3, 5, 5, 1, 4, 5, 2, 2, 3, 1, 1, 3, 3, 3, 3, 4, 5, 1, 5, 3, 4, 4, 3, 4, 4, 5, 2, 1]
droneCarry = 5