[settings]
infectedLocations = [[10.8154, 4.60151], [4.41708, 18.0488], [20.45782, 6.85396], [14.71581, 13.75585], [9.72889, 20.82321], [22.09373, 9.43212], [17.85396, 7.97911], [7.5319, 23.13374], [0.45562, 4.59334], [7.69902, 22.51418], [4.47503, 21.22584], [8.04859, 17.62816], [16.07886, 23.56467], [8.48584, 2.49563], [2.04039, 16.77701], [23.3165, 2.12785], [14.31111, 22.57511], [0.75713, 3.17624], [2.44884, 9.51538], [21.11032, 1.09261], [3.92236, 10.86793], [8.53553, 22.51368], [14.61255, 5.06003], [19.21935, 16.16345], [11.96641, 4.87003], [2.11611, 16.99866], [2.43124, 18.65483], [23.90984, 15.08636], [21.27099, 5.05579], [6.39674, 6.59668], [5.99223, 7.84324], [10.12369, 9.01096], [5.22106, 5.96244], [9.66318, 17.48298], [24.58216, 12.01545], [20.78105, 8.19458], [24.49742, 15.77002], [8.05145, 17.81957], [15.4171, 21.94158], [8.81389, 14.83191], [22.73048, 19.89965], [12.36321, 2.94173], [15.88647, 10.79692], [23.45316, 1.96933], [13.41628, 6.57702], [7.57655, 7.11339], [15.04411, 22.35326], [15.55428, 2.017], [1.6364, 13.17111], [4.67464, 8.58841]]
droneLocations = [[6.48964, 12.73267], [9.54067, 1.55262], [9.89472, 15.42166], [4.80709, 0.79295], [24.70647, 1.33117]]
tankLocations = [[7.16227, 21.67432], [21.4656, 10.69745], [21.91655, 16.2007], [2.7764, 12.29655], [10.62026, 12.85284], [23.34886, 11.01664], [21.10722, 16.54179], [23.38624, 12.35086], [17.22664, 24.85893], [10.62909, 19.70278], [18.44513, 23.52692], [4.04719, 17.44163], [6.68138, 5.34279], [7.87183, 5.31945], [9.57635, 9.98253], [12.99714, 8.45598], [17.27715, 21.86324], [24.62857, 1.14972], [21.74866, 3.93176], [19.121, 11.66897], [15.72729, 0.80496], [23.77616, 19.89736], [0.97483, 6.17076], [21.33251, 24.08375], [24.65542, 24.70725]]
droneDirections = [[4.7567, 4.85452], [24.22621, 5.55541], [15.21835, 6.28443], [18.71287, 13.31971], [12.7795, 3.3118]]
infectedAmount = [4, 5, 2, 1, 3, 1, 3, 3, 4, 1, 4, 5, 3, 2, 2, 4, 3, 5, 2, 3, 5, 4, 5, 4, 1, 5, 4, 3, 2, 4, 1, 2, 4, 3, 4, 3, 3, 1, 4, 3, 1, 2, 3, 4, 3, 2, 4, 1, 1, 1]
droneCarry = 5