[settings]
infectedLocations = [[9.38906, 6.36671], [9.96256, 17.37926], [24.67646, 18.56663], [21.4313, 15.82365], [10.86773, 18.91836], [11.70987, 14.05354], [10.05364, 22.67569], [23.9033, 24.80293], [13.88122, 2.18399], [9.08654, 3.77738], [6.29789, 4.00125], [14.53415, 24.7319], [3.37112, 23.6207], [11.39711, 1.60065], [22.11015, 10.5641], [2.0001, 11.45805], [20.75427, 7.46597], [8.17028, 3.33281], [24.34965, 5.15531], [13.39426, 11.60742], [10.72691, 13.79216], [5.76982, 18.69227], [8.53293, 2.36533], [4.44779, 11.20041], [11.96984, 22.98881], [20.52345, 1.9095], [23.17685, 8.79747], [13.32618, 11.84726], [7.66175, 21.04002], [8.23319, 14.09643], [19.75659, 17.1771], [10.47452, 17.67408], [10.19149, 16.7676], [18.66461, 21.5406], [12.63283, 20.78573], [8.65032, 7.02429], [16.94995, 23.62215], [5.86106, 24.03711], [13.99858, 10.10798], [9.70161, 21.42], [17.2311, 19.71177], [11.30971, 6.7744], [18.60494, 17.28769], [3.08014, 17.7808], [23.94154, 17.80783], [14.26581, 12.74673], [15.72732, 19.0712], [16.94962, 3.0468], [16.02296, 15.6697], [24.32174, 4.36658]]
droneLocations = [[21.36164, 3.72666], [17.9474, 21.20411], [2.74551, 8.32974], [13.18441, 17.09864], [5.36591, 6.51145]]
tankLocations = [[1.88059, 20.55985], [16.22197, 18.40527], [2.42338, 5.76444], [16.72987, 7.70427], [7.81593, 15.68379], [11.8542, 19.47649], [23.25114, 4.19894], [13.34955, 6.7793], [17.35626, 0.31048], [1.52445, 22.55601], [1.33177, 3.35911], [5.48983, 10.34429], [0.21411, 10.62974], [21.50305, 0.22304], [24.01299, 24.34802]]
droneDirections = [[20.07918, 5.726], [24.96445, 0.4988], [24.37571, 21.44553], [16.16753, 4.93532], [3.88403, 13.12556]]
infectedAmount = [1, 3, 4, 5, 5, 5, 5, 2, 2, 1, 5, 3, 5, 5, 2, 3, 5, 1, 1, 4, 3, 1, 4, 3, 3, 5, 5, 2, 3, 4, 2, 4, 1, 4, 4, 3, 2, 5, 2, 4, 2, 2, 2, 1, 1, 5, 4, 1, 4, 5]
droneCarry = 5