[settings]
infectedLocations = [[23.36165, 8.33313], [24.86588, 20.45148], [12.57209, 1.11974], [5.037, 5.29181], [17.94771, 3.01815], [19.45534, 10.12458], [20.80305, 24.76793], [4.8527, 23.05821], [2.44536, 3.41619], [4.29003, 8.30735], [23.76194, 1.8609], [23.06438, 15.45416], [10.06869, 22.67365], [21.67492, 1.19102], [5.19399, 19.54803], [2.2344, 12.98089], [0.89043, 20.96798], [18.93029, 12.55865], [10.27812, 6.71331], [23.47336, 18.59286], [11.39056, 18.51533], [0.03321, 22.17728], [20.84853, 16.63523], [13.82656, 24.85562], [17.70242, 11.76955], [10.69978, 10.02623], [8.92838, 8.71745], [5.81295, 4.27845], [0.75686, 2.27822], [12.59538, 3.81952], [3.45489, 12.65314], [0.54686, 21.87688], [16.56102, 1.9076], [18.19335, 4.24796], [12.46171, 16.44051], [18.94412, 24.72348], [9.33727, 12.12625], [2.27434, 19.60505], [20.68666, 15.23404], [17.61415, 6.78361], [9.30109, 15.8361], [19.67803, 8.5656], [21.30915, 7.72547], [13.4075, 7.7723], [14.99441, 17.72977], [12.57593, 23.22215], [3.51043, 2.31826], [7.80129, 9.37847], [12.4115, 1.42819], [10.86415, 21.57508]]
droneLocations = [[12.77257, 20.13899], [10.72117, 21.35483], [9.17012, 17.51934], [2.44297, 6.43935], [12.7002, 8.64788]]
tankLocations = [[3.91771, 23.51061], [18.40081, 11.2767], [18.81844, 10.97667], [8.4733, 1.5523], [5.30736, 0.06547], [9.47947, 8.43425], [8.67487, 8.12579], [22.96507, 19.2156], [18.9501, 2.53379], [11.24691, 1.7788], [15.92713, 2.74503], [24.56015, 2.08039], [5.17585, 5.17403], [24.69262, 17.56026], [24.3688, 11.45886], [9.82277, 17.8839], [5.84121, 1.84378], [6.98044, 7.55131], [16.9135, 0.67314], [14.3569, 20.52455]]
droneDirections = [[0.99177, 24.50653], [3.79044, 19.12837], [24.97106, 3.01855], [11.83832, 17.51689], [17.148, 21.55447]]
infectedAmount = [1, 5, 4, 4, 3, 1, 4, 2, 1, 4, 5, 1, 4, 5, 2, 1, 4, 4, 2, 2, 2, 3, 1, 2, 3, 1, 4, 4, 2, 1, 1, 4, 3, 4, 5, 4, 2, 3, 5, 4, 2, 1, 1, 3, 4, 3, 2, 5, 3, 5]
droneCarry = 5