[settings]
infectedLocations = [[22.02034, 21.96108], [21.71526, 19.64239], [18.42995, 24.59469], [13.40961, 13.72814], [20.704, 11.30103], [1.47811, 22.04316], [9.53092, 6.47983], [11.57995, 8.2442], [6.88789, 12.54816], [22.98414, 7.27126], [9.89759, 17.87438], [18.57084, 23.42933], [17.20888, 8.79815], [23.05802, 10.18386], [11.28507, 15.76929], [6.78158, 20.15875], [5.44806, 23.98346], [16.38506, 16.6923], [10.27813, 4.32859], [0.73415, 21.77256], [14.44926, 15.21453], [9.06709, 13.19854], [1.40648, 12.8481], [16.78431, 9.47093], [21.66139, 8.601], [15.32273, 2.80312], [12.74844, 14.53506], [9.43464, 10.83861], [24.2952, 16.03896], [14.46231, 10.09958], [17.96883, 17.12456], [19.93589, 2.2361], [9.5321, 11.38228], [14.85103, 3.69967], [8.40009, 17.68556], [1.99717, 22.91679], [13.51115, 8.26337], [3.00124, 6.35795], [15.97965, 10.1902], [9.49182, 0.90317]]
droneLocations = [[19.28294, 6.04062], [24.26785, 8.57133], [15.17509, 8.21898], [1.53139, 2.49584], [12.45495, 19.2141], [12.89059, 4.92002], [0.30833, 11.44121], [3.08085, 18.59762], [22.00088, 18.20337], [11.47151, 23.26685]]
tankLocations = [[15.26, 0.81324], [19.26933, 17.79257]]
droneDirections = [[14.92341, 18.86904], [0.67761, 16.34146], [12.43227, 4.93569], [8.40199, 21.52774], [18.81111, 21.07968], [4.62963, 0.7572], [4.90291, 10.7005], [24.6873, 3.51556], [20.03224, 12.97236], [2.6821, 2.94104]]
infectedAmount = [4, 3, 1, 4, 3, 5, 2, 2, 3, 2, 1, 1, 5, 2, 5, 1, 4, 2, 4, 5, 5, 2, 4, 5, 4, 2, 4, 3, 4, 5, 1, 1, 3, 1, 5, 2, 4, 3, 2, 4]
droneCarry = 5
