[settings]
infectedLocations = [[12.98877, 8.92406], [24.56359, 9.00482], [6.96704, 12.83708], [22.86878, 2.43819], [18.77696, 6.12508], [22.5154, 24.34625], [0.61705, 17.99363], [2.70185, 22.97208], [21.05224, 18.97353], [7.85183, 20.66133], [13.17849, 9.95306], [10.60801, 12.85527], [17.31984, 0.66728], [21.83832, 7.80073], [8.16865, 15.24448], [24.43431, 4.83792], [8.70784, 14.96152], [8.64473, 15.31233], [4.84614, 9.73341], [24.83854, 10.94454], [16.41121, 10.12166], [6.60923, 4.67829], [15.03496, 14.17001], [1.85138, 20.96855], [13.75943, 10.83918], [11.93456, 0.88974], [0.51567, 14.11402], [2.77383, 7.61351], [16.65205, 20.65848], [10.30202, 7.59712], [24.71039, 4.71135], [6.18812, 24.62162], [2.73336, 12.02724], [5.34391, 18.70358], [5.14999, 1.87215], [10.1361, 24.80021], [0.87323, 9.89953], [15.05971, 12.23189], [18.02608, 2.17844], [9.74558, 4.51052], [12.84649, 16.89953], [22.96925, 10.66095], [5.49304, 5.67825], [1.93299, 6.34138], [8.76126, 5.68071], [15.80204, 12.35531], [15.96457, 8.32464], [17.49792, 6.26779], [24.26583, 2.57062], [20.33511, 8.81815]]
droneLocations = [[7.03043, 22.00732], [6.55725, 10.1326], [19.90481, 5.84985], [21.25138, 13.96774], [2.3969, 23.78819], [3.37572, 6.19378], [18.36433, 12.19528], [22.16961, 23.24314], [4.35436, 19.09099], [6.84737, 19.34841]]
tankLocations = [[9.31075, 22.2828], [23.61851, 16.25775], [24.56758, 8.6357], [17.87665, 4.26418], [2.88798, 0.1656]]
droneDirections = [[4.84532, 20.24225], [15.66207, 18.84505], [5.63866, 13.52689], [11.06909, 10.82494], [12.87271, 8.62956], [11.59514, 14.41807], [21.60051, 12.43218], [1.38514, 24.48802], [18.62838, 10.16674], [13.90044, 20.82705]]
infectedAmount = [4, 2, 5, 1, 1, 1, 3, 5, 3, 2, 3, 4, 3, 2, 5, 1, 1, 4, 2, 5, 4, 1, 2, 4, 4, 2, 4, 4, 5, 4, 4, 5, 4, 5, 3, 3, 3, 4, 4, 1, 1, 4, 4, 1, 3, 2, 4, 1, 5, 4]
droneCarry = 5