[settings]
infectedLocations = [[24.48723, 21.3938], [9.6074, 16.48469], [12.37843, 3.14649], [2.279, 7.97595], [3.65807, 5.93592], [7.59124, 19.96218], [24.78007, 18.22237], [8.77379, 15.66186], [6.54702, 23.70904], [10.53546, 24.72291], [16.98967, 23.18257], [1.25505, 8.46659], [15.51298, 9.47779], [10.12667, 14.76845], [6.3497, 24.26303], [22.01609, 10.34945], [21.59421, 11.26491], [12.02776, 1.39055], [1.30235, 20.96601], [17.9492, 9.29226], [23.68913, 9.46065], [18.38882, 20.64698], [22.65464, 11.8014], [24.32734, 18.42966], [10.9816, 10.28349], [14.38774, 20.73855], [2.43896, 4.97198], [14.17819, 14.87467], [12.26521, 23.35012], [6.68195, 2.89783], [13.67427, 10.89724], [19.97055, 17.09455], [13.89657, 7.12511], [24.04144, 12.59742], [19.97817, 4.88454], [2.19453, 10.72368], [6.24971, 13.08956], [17.96048, 17.24076], [0.28281, 21.29648], [1.40091, 18.09949], [15.73507, 4.78633], [9.37178, 3.28961], [14.77514, 5.42584], [20.67448, 0.71253], [22.13124, 23.79267], [6.44088, 23.26915], [6.82725, 4.82473], [6.05236, 8.0685], [10.33523, 14.0952], [12.74643, 5.6813]]
droneLocations = [[14.58548, 18.84098], [8.31348, 7.87723], [24.98836, 24.75653], [12.16541, 3.04058], [13.33796, 16.75438], [15.11792, 2.58391], [24.35116, 9.63059], [14.14061, 8.58272], [15.83986, 2.86191], [21.47429, 17.94242], [2.81978, 7.05336], [5.39485, 10.86114], [1.5554, 15.71379], [20.84633, 20.15057], [1.0707, 14.52383]]
tankLocations = [[7.98189, 5.63136], [5.22943, 11.39168], [16.32871, 16.3087], [16.47461, 6.64482], [18.30667, 11.50542]]
droneDirections = [[7.83166, 23.10877], [10.45166, 14.21711], [14.01897, 1.66239], [15.28606, 4.99214], [3.58017, 13.29401], [13.50967, 7.94978], [11.07847, 7.55019], [24.81769, 21.20701], [15.99308, 12.01755], [6.76476, 17.9487], [22.669, 14.13277], [8.08532, 15.64796], [16.33926, 4.90054], [6.22559, 11.00541], [0.47174, 21.46379]]
infectedAmount = [5, 3, 3, 3, 5, 5, 5, 3, 3, 1, 5, 2, 3, 5, 1, 1, 3, 3, 1, 4, 5, 4, 2, 1, 5, 5, 4, 2, 1, 2, 4, 3, 2, 1, 2, 4, 5, 5, 4, 4, 5, 3, 3, 3, 1, 3, 3, 4, 5, 3]
droneCarry = 5