[settings]
infectedLocations = [[24.6561, 14.52288], [17.61224, 15.55987], [21.0887, 18.23459], [0.61266, 12.36799], [7.11534, 2.02826], [19.93017, 6.09829], [15.95991, 22.84918], [18.84085, 11.38198], [5.43583, 8.45901], [19.23821, 19.98249], [3.99953, 18.58344], [23.96221, 19.12821], [21.43762, 10.09163], [9.75502, 0.16692], [3.49658, 2.03948], [8.31094, 24.85146], [15.73755, 21.77745], [17.45672, 20.46423], [22.13543, 3.4792], [5.75545, 24.31573], [3.51779, 17.24878], [6.28711, 17.12814], [2.55524, 21.5175], [10.2705, 8.31513], [1.60732, 17.91366], [2.82657, 11.44403], [18.55345, 8.70009], [3.12003, 3.2772], [19.29951, 12.88824], [15.93812, 16.05069], [13.04721, 15.4003], [7.0292, 12.16788], [6.48774, 19.51344], [10.61583, 23.69428], [2.81893, 22.35769], [8.83345, 7.66544], [16.96024, 5.04055], [8.10968, 19.06424], [16.70031, 4.94327], [15.5239, 16.89979], [6.40342, 22.9712], [17.25341, 18.49695], [21.82907, 17.76971], [0.92269, 1.12915], [15.67114, 10.11498], [11.63124, 7.74103], [18.0975, 16.38892], [0.17507, 17.12445], [4.58467, 15.90996], [12.16756, 14.40557]]
droneLocations = [[23.85046, 4.71979], [0.73274, 19.58947], [5.14597, 12.5311], [10.22492, 11.22712], [4.89374, 1.46051], [20.61379, 21.74165], [0.19396, 11.41507], [11.0381, 5.34489], [13.39748, 23.66934], [8.99643, 3.29321], [10.56439, 3.86761], [9.00863, 22.2685], [22.48161, 24.22365], [24.09109, 10.36365], [0.33278, 5.0407], [0.7056, 20.08897], [6.45071, 17.90365], [2.68361, 9.65148], [22.06417, 19.1314], [10.85712, 3.22192]]
tankLocations = [[10.99885, 9.11723], [1.19203, 1.61922], [11.65018, 24.06312], [3.61277, 16.35405], [3.24051, 23.09298]]
droneDirections = [[18.40505, 20.44675], [10.07654, 19.12695], [4.43226, 12.33255], [22.09182, 11.81694], [10.31087, 7.51811], [5.9476, 18.29323], [8.2429, 0.93022], [13.6247, 7.33178], [1.90773, 19.41569], [23.5868, 6.19171], [13.4147, 0.60565], [16.52054, 20.74218], [23.95996, 3.75214], [17.24997, 17.07605], [9.3984, 3.33197], [17.92725, 17.28727], [4.07298, 6.08735], [22.58043, 0.08655], [21.73042, 13.77573], [6.3165, 19.40809]]
infectedAmount = [1, 4, 1, 1, 3, 1, 3, 2, 4, 1, 1, 3, 3, 3, 3, 4, 1, 5, 4, 5, 3, 5, 3, 4, 1, 3, 1, 3, 4, 4, 4, 1, 2, 3, 2, 5, 1, 1, 2, 3, 3, 4, 5, 5, 2, 3, 1, 4, 5, 2]
droneCarry = 5