[settings]
infectedLocations = [[4.65597, 18.00352], [8.07038, 11.73882], [2.84467, 5.07325], [14.91723, 7.07341], [23.37223, 12.25265], [0.04816, 24.74169], [22.73363, 19.13427], [20.10975, 6.40124], [15.45661, 20.57646], [17.19112, 3.97129], [0.12273, 14.18646], [14.31783, 0.8765], [19.95128, 0.99445], [9.78337, 21.44293], [10.28458, 8.74659], [22.04026, 23.26704], [23.65871, 6.88446], [0.77548, 23.36743], [5.56322, 3.39768], [9.96002, 2.22836], [5.66548, 2.50206], [7.99884, 13.414], [4.61173, 20.24995], [9.26491, 8.18192], [8.63686, 0.95665], [2.94538, 5.63711], [21.42883, 5.74647], [7.4976, 16.36001], [6.99801, 22.74426], [10.11505, 6.58111], [11.76868, 24.9649], [15.77937, 11.23885], [20.74398, 12.58107], [0.78788, 13.93477], [19.87939, 0.56405], [22.57697, 9.46944], [6.11666, 15.28437], [2.47335, 3.94723], [1.05008, 19.91274], [7.64238, 11.18037], [21.36961, 14.35352], [8.71512, 19.65408], [21.02404, 7.69888], [15.50895, 21.28728], [11.12644, 11.79687], [1.87212, 7.83724], [12.82084, 14.88286], [0.49144, 10.04096], [3.69813, 21.69569], [22.71621, 17.08249]]
droneLocations = [[17.12351, 23.29947], [14.72848, 7.2062], [14.3361, 2.06259], [9.271, 20.28939], [5.1381, 21.00479]]
tankLocations = [[14.36177, 6.27463], [6.72289, 21.45447], [8.16127, 1.96649], [11.23546, 20.487], [5.65164, 13.9773]]
droneDirections = [[4.65184, 11.68486], [12.04049, 12.92432], [8.6266, 8.64974], [1.0134, 2.09229], [19.53318, 4.32186]]
infectedAmount = [5, 3, 2, 4, 1, 4, 2, 2, 1, 1, 1, 1, 4, 1, 2, 5, 5, 5, 3, 3, 5, 2, 5, 5, 2, 1, 2, 1, 4, 1, 3, 1, 1, 3, 3, 5, 1, 4, 3, 3, 5, 3, 4, 3, 3, 1, 5, 3, 5, 4]
droneCarry = 5