[settings]
infectedLocations = [[2.41788, 9.27322], [0.77784, 7.32329], [6.39933, 1.51322], [4.11191, 3.56653], [3.78997, 4.21998], [2.75994, 2.31948], [8.85433, 3.55804], [3.69592, 7.74987], [4.05065, 6.82973], [1.99638, 7.97007], [6.52174, 4.73776], [2.29553, 6.40074], [0.48308, 7.69795], [9.14197, 5.70081], [2.00319, 0.77149]]
droneLocations = [[7.36822, 3.33181], [6.98769, 1.65009], [1.52558, 7.38462], [8.96952, 2.20816], [2.76961, 2.62685], [7.41861, 1.64929]]
tankLocations = [[5.23273, 5.63126], [4.51585, 4.3489], [9.61695, 5.48665]]
droneDirections = [[7.39822, 3.44162], [6.39393, 1.80428], [4.33315, 3.22465], [2.27057, 7.45782], [1.24849, 7.86576], [1.77699, 3.96742]]
infectedAmount = [2, 2, 1, 1, 3, 4, 1, 1, 2, 2, 2, 2, 3, 4, 2]
droneCarry = 5
