[settings]
infectedLocations = [[2.41788, 9.27322], [0.77784, 7.32329], [6.39933, 1.51322], [4.11191, 3.56653], [3.78997, 4.21998], [2.75994, 2.31948], [8.85433, 3.55804], [3.69592, 7.74987], [4.05065, 6.82973], [1.99638, 7.97007], [6.52174, 4.73776], [2.29553, 6.40074], [0.48308, 7.69795], [9.14197, 5.70081], [2.00319, 0.77149]]
droneLocations = [[8.80604, 7.67287], [2.33544, 1.85692], [5.64137, 0.14145], [3.98039, 3.17774], [6.0441, 2.14858], [7.29728, 2.33369], [6.20169, 9.94215], [3.29744, 4.15853]]
tankLocations = [[5.23273, 5.63126], [4.51585, 4.3489], [9.61695, 5.48665]]
droneDirections = [[2.59148, 1.46506], [0.36746, 3.32446], [2.58895, 1.09285], [7.44096, 7.20816], [8.99322, 6.24455], [2.30454, 8.06409], [0.29097, 3.2992], [8.6628, 7.91414]]
infectedAmount = [2, 2, 1, 1, 3, 4, 1, 1, 2, 2, 2, 2, 3, 4, 2]
droneCarry = 5
