[settings]
infectedLocations = [[22.02034, 21.96108], [21.71526, 19.64239], [18.42995, 24.59469], [13.40961, 13.72814], [20.704, 11.30103], [1.47811, 22.04316], [9.53092, 6.47983], [11.57995, 8.2442], [6.88789, 12.54816], [22.98414, 7.27126], [9.89759, 17.87438], [18.57084, 23.42933], [17.20888, 8.79815], [23.05802, 10.18386], [11.28507, 15.76929], [6.78158, 20.15875], [5.44806, 23.98346], [16.38506, 16.6923], [10.27813, 4.32859], [0.73415, 21.77256], [14.44926, 15.21453], [9.06709, 13.19854], [1.40648, 12.8481], [16.78431, 9.47093], [21.66139, 8.601], [15.32273, 2.80312], [12.74844, 14.53506], [9.43464, 10.83861], [24.2952, 16.03896], [14.46231, 10.09958], [17.96883, 17.12456], [19.93589, 2.2361], [9.5321, 11.38228], [14.85103, 3.69967], [8.40009, 17.68556], [1.99717, 22.91679], [13.51115, 8.26337], [3.00124, 6.35795], [15.97965, 10.1902], [9.49182, 0.90317]]
droneLocations = [[20.93177, 14.64242], [0.06867, 0.22177], [15.85315, 1.7129], [1.22538, 19.64371], [16.67165, 20.58667]]
tankLocations = [[15.26, 0.81324], [19.26933, 17.79257]]
droneDirections = [[20.36611, 18.35024], [9.65415, 10.52494], [1.10869, 11.83677], [6.67732, 18.3258], [16.98705, 9.37811]]
infectedAmount = [4, 3, 1, 4, 3, 5, 2, 2, 3, 2, 1, 1, 5, 2, 5, 1, 4, 2, 4, 5, 5, 2, 4, 5, 4, 2, 4, 3, 4, 5, 1, 1, 3, 1, 5, 2, 4, 3, 2, 4]
droneCarry = 5