[settings]
infectedLocations = [[22.02034, 21.96108], [21.71526, 19.64239], [18.42995, 24.59469], [13.40961, 13.72814], [20.704, 11.30103], [1.47811, 22.04316], [9.53092, 6.47983], [11.57995, 8.2442], [6.88789, 12.54816], [22.98414, 7.27126], [9.89759, 17.87438], [18.57084, 23.42933], [17.20888, 8.79815], [23.05802, 10.18386], [11.28507, 15.76929], [6.78158, 20.15875], [5.44806, 23.98346], [16.38506, 16.6923], [10.27813, 4.32859], [0.73415, 21.77256], [14.44926, 15.21453], [9.06709, 13.19854], [1.40648, 12.8481], [16.78431, 9.47093], [21.66139, 8.601], [15.32273, 2.80312], [12.74844, 14.53506], [9.43464, 10.83861], [24.2952, 16.03896], [14.46231, 10.09958], [17.96883, 17.12456], [19.93589, 2.2361], [9.5321, 11.38228], [14.85103, 3.69967], [8.40009, 17.68556], [1.99717, 22.91679], [13.51115, 8.26337], [3.00124, 6.35795], [15.97965, 10.1902], [9.49182, 0.90317]]
droneLocations = [[6.14016, 7.09624], [10.9117, 1.9953], [7.30735, 18.25925], [20.64688, 11.38497], [15.56826, 22.0389], [9.08262, 14.46139], [24.18148, 6.10617], [7.46351, 9.48513], [1.93737, 20.69985], [6.79929, 14.38647], [18.79456, 14.04663], [1.29803, 21.78018], [21.98576, 5.38957], [15.98656, 21.5172], [1.54743, 8.59915], [18.68833, 6.49198], [10.95801, 8.2243], [3.05496, 0.21356], [23.59734, 13.68199], [0.69222, 17.9313]]
tankLocations = [[15.26, 0.81324], [19.26933, 17.79257]]
droneDirections = [[16.38853, 23.08647], [18.64978, 14.27368], [0.12413, 18.25637], [16.82725, 9.01662], [4.90491, 20.64494], [24.9267, 23.92924], [22.1334, 24.26983], [17.73034, 11.84942], [1.52812, 5.9568], [24.89234, 6.21997], [5.26799, 22.16052], [6.6177, 13.80883], [24.60192, 11.31402], [17.27717, 3.72625], [4.50526, 24.74423], [19.52301, 2.4288], [2.7017, 2.03816], [5.91468, 4.35406], [17.98182, 22.42173], [24.72317, 20.1473]]
infectedAmount = [4, 3, 1, 4, 3, 5, 2, 2, 3, 2, 1, 1, 5, 2, 5, 1, 4, 2, 4, 5, 5, 2, 4, 5, 4, 2, 4, 3, 4, 5, 1, 1, 3, 1, 5, 2, 4, 3, 2, 4]
droneCarry = 5
