[settings]
infectedLocations = [[19.64049, 0.82927], [17.59001, 14.35717], [1.88439, 1.2381], [11.12489, 20.27057], [3.91797, 23.77239], [23.73185, 7.65323], [13.51015, 6.97547], [21.445, 3.10755], [3.43154, 1.48358], [14.76219, 19.25923], [0.01424, 12.47641], [11.70825, 22.60075], [11.96447, 16.7118], [1.74791, 8.64556], [24.43157, 11.6241], [22.78207, 5.84334], [22.90976, 5.65744], [8.3311, 1.09155], [4.25384, 14.38591], [9.36642, 7.023], [18.71764, 23.73394], [3.98392, 19.56733], [2.18132, 9.86857], [10.35351, 23.16037], [6.50468, 0.21851], [17.15924, 21.85748], [8.09245, 20.1648], [10.15586, 3.40095], [7.94694, 13.65239], [24.09964, 6.80188], [15.28248, 4.12485], [20.73982, 3.31778], [24.4039, 0.66567], [23.26119, 18.05082], [6.63546, 20.5172], [15.26713, 19.64054], [10.66037, 20.48129], [7.73892, 3.6336], [19.33304, 11.63254], [24.63168, 3.91678], [21.32429, 11.40766], [23.09746, 11.44955], [4.26652, 4.20351], [0.46638, 11.18688], [21.30395, 14.22225], [17.60406, 6.50673], [1.44811, 8.18969], [17.53596, 7.94809], [14.14515, 11.98419], [20.40758, 7.7655]]
droneLocations = [[22.29593, 4.17028], [23.71056, 4.33018], [19.09893, 11.2604], [18.9318, 16.21534], [16.96014, 1.43833]]
tankLocations = [[0.71543, 23.01781], [24.14004, 3.86635], [11.2671, 4.98735], [24.44684, 4.70037], [3.35269, 4.10527]]
droneDirections = [[13.98933, 10.46179], [17.86642, 2.47755], [14.27215, 17.80714], [14.57407, 12.88861], [2.51607, 7.23984]]
infectedAmount = [2, 2, 1, 1, 5, 1, 4, 5, 1, 3, 4, 4, 2, 1, 2, 1, 2, 2, 4, 3, 2, 3, 2, 5, 1, 5, 4, 2, 3, 5, 4, 1, 2, 3, 5, 1, 1, 2, 4, 1, 3, 5, 5, 1, 3, 3, 3, 1, 2, 3]
droneCarry = 5