[settings]
infectedLocations = [[12.19214, 10.91826], [23.79749, 17.92748], [18.447, 13.81897], [13.48146, 9.55469], [24.40842, 14.66589], [20.08036, 20.57938], [1.9496, 17.12759], [4.0566, 11.51369], [13.90924, 24.54282], [9.54702, 14.50058], [23.35819, 7.66625], [4.1598, 20.4638], [0.72919, 19.83399], [13.51904, 15.329], [11.32627, 9.54822], [8.70946, 13.05146], [20.31171, 3.27252], [1.84386, 13.78445], [3.04666, 24.81935], [13.82398, 11.99203], [17.51197, 0.7256], [15.89036, 20.30499], [4.4639, 20.18886], [19.70747, 2.3295], [3.11232, 12.87307], [16.92327, 4.17369], [20.64157, 17.32784], [3.22139, 15.28099], [24.60362, 24.31375], [6.91524, 2.29382], [1.09443, 12.4214], [15.59662, 18.383], [19.38966, 14.28998], [14.96701, 14.97929], [17.15456, 14.58776], [13.84699, 7.79012], [16.98799, 22.56245], [7.61948, 14.48997], [22.08013, 8.48055], [15.9879, 8.86374], [10.85641, 17.23262], [24.49666, 8.40009], [1.53439, 12.06097], [5.59811, 9.52826], [4.08884, 0.46997], [9.69675, 12.15149], [0.35591, 21.68606], [1.85998, 15.5666], [19.42326, 4.06432], [23.76206, 7.48215]]
droneLocations = [[13.53582, 5.85636], [15.0121, 17.67741], [14.03952, 2.54768], [1.03598, 23.02746], [11.5579, 15.75202]]
tankLocations = [[6.17658, 7.96027], [20.27277, 9.21491]]
droneDirections = [[2.23973, 13.13168], [1.06375, 24.74339], [24.40044, 11.43288], [23.79412, 5.92582], [13.88242, 15.81561]]
infectedAmount = [3, 3, 3, 5, 2, 1, 2, 5, 2, 4, 2, 4, 4, 1, 3, 2, 1, 2, 5, 1, 5, 4, 5, 1, 2, 5, 5, 1, 2, 5, 1, 2, 5, 4, 5, 1, 3, 3, 1, 4, 1, 3, 1, 4, 2, 3, 2, 5, 3, 4]
droneCarry = 5
