[settings]
infectedLocations = [[4.72443, 6.14902], [8.67833, 23.91635], [24.85853, 14.27243], [14.64598, 12.15547], [10.87686, 19.69415], [14.0783, 21.37732], [18.26934, 9.27742], [19.46863, 0.74483], [13.17711, 2.88377], [17.38211, 11.83185]]
droneLocations = [[7.20948, 10.7245], [14.93336, 16.49508], [4.74034, 5.30666], [6.20191, 18.77472], [16.10161, 19.8599]]
tankLocations = [[21.37024, 3.93527], [11.01068, 2.56291], [5.37061, 14.20415], [11.29419, 16.78009], [22.57842, 13.99968]]
droneDirections = [[0.09631, 2.96373], [13.77137, 10.47141], [5.31899, 18.98739], [21.58378, 7.61813], [3.92533, 8.88563]]
infectedAmount = [4, 3, 4, 1, 5, 5, 4, 1, 3, 4]
droneCarry = 5