[settings]
infectedLocations = [[4.72443, 6.14902], [8.67833, 23.91635], [24.85853, 14.27243], [14.64598, 12.15547], [10.87686, 19.69415], [14.0783, 21.37732], [18.26934, 9.27742], [19.46863, 0.74483], [13.17711, 2.88377], [17.38211, 11.83185], [1.33958, 19.64786], [1.55409, 21.55525], [5.97714, 7.30337], [14.73393, 20.68115], [2.34272, 22.21567], [7.05386, 5.72775], [9.17998, 0.44106], [14.29628, 22.89683], [17.10458, 17.32754], [15.65439, 18.52055], [16.92184, 0.92659], [1.32784, 15.93399], [2.62192, 18.38208], [0.98774, 8.74262], [4.94409, 4.52801], [10.21406, 2.25043], [0.72212, 21.31665], [15.14114, 9.31021], [3.52977, 12.94704], [11.7102, 17.7976]]
droneLocations = [[7.20948, 10.7245], [14.93336, 16.49508], [4.74034, 5.30666], [6.20191, 18.77472], [16.10161, 19.8599]]
tankLocations = [[21.37024, 3.93527], [11.01068, 2.56291], [5.37061, 14.20415], [11.29419, 16.78009], [22.57842, 13.99968]]
droneDirections = [[0.09631, 2.96373], [13.77137, 10.47141], [5.31899, 18.98739], [21.58378, 7.61813], [3.92533, 8.88563]]
infectedAmount = [4, 5, 3, 3, 1, 5, 3, 3, 5, 5, 3, 1, 4, 3, 4, 5, 1, 2, 4, 5, 3, 4, 2, 4, 2, 2, 1, 1, 4, 3]
droneCarry = 5