[settings]
infectedLocations = [[4.72443, 6.14902], [8.67833, 23.91635], [24.85853, 14.27243], [14.64598, 12.15547], [10.87686, 19.69415], [14.0783, 21.37732], [18.26934, 9.27742], [19.46863, 0.74483], [13.17711, 2.88377], [17.38211, 11.83185], [1.33958, 19.64786], [1.55409, 21.55525], [5.97714, 7.30337], [14.73393, 20.68115], [2.34272, 22.21567], [7.05386, 5.72775], [9.17998, 0.44106], [14.29628, 22.89683], [17.10458, 17.32754], [15.65439, 18.52055], [16.92184, 0.92659], [1.32784, 15.93399], [2.62192, 18.38208], [0.98774, 8.74262], [4.94409, 4.52801], [10.21406, 2.25043], [0.72212, 21.31665], [15.14114, 9.31021], [3.52977, 12.94704], [11.7102, 17.7976], [2.58098, 12.75382], [12.12872, 11.30638], [18.59306, 6.4624], [6.65314, 0.46136], [12.44725, 12.99682], [23.48706, 6.37308], [13.11726, 11.92561], [4.15403, 22.97296], [15.96888, 24.87187], [19.17218, 12.99265], [7.26808, 14.25527], [1.8061, 5.90305], [16.60853, 17.87762], [4.60544, 8.50814], [14.50478, 13.99317], [15.80324, 21.48463], [7.50408, 23.94048], [9.96227, 8.1633], [21.11635, 7.69594], [3.12508, 13.21438], [9.68963, 5.20306], [17.39548, 20.76836], [1.72464, 23.9616], [17.21884, 21.05598], [23.09242, 19.70148], [15.7392, 2.99978], [2.84051, 20.52815], [5.21428, 6.23385], [4.58125, 15.91632], [11.33954, 0.5893], [21.47744, 17.04222], [16.97867, 21.43919], [17.73584, 10.88909], [19.55938, 16.86344], [21.73013, 12.56779], [8.49721, 5.23658], [1.71768, 22.58754], [15.10183, 2.44664], [14.23199, 0.09749], [16.00023, 1.29752]]
droneLocations = [[7.20948, 10.7245], [14.93336, 16.49508], [4.74034, 5.30666], [6.20191, 18.77472], [16.10161, 19.8599]]
tankLocations = [[21.37024, 3.93527], [11.01068, 2.56291], [5.37061, 14.20415], [11.29419, 16.78009], [22.57842, 13.99968]]
droneDirections = [[0.09631, 2.96373], [13.77137, 10.47141], [5.31899, 18.98739], [21.58378, 7.61813], [3.92533, 8.88563]]
infectedAmount = [5, 4, 3, 2, 2, 5, 4, 3, 3, 2, 3, 4, 2, 5, 1, 1, 4, 1, 1, 1, 3, 2, 2, 5, 5, 2, 3, 3, 4, 3, 3, 1, 1, 2, 3, 4, 5, 2, 4, 4, 4, 5, 2, 4, 5, 1, 4, 4, 3, 3, 3, 3, 4, 2, 1, 1, 1, 3, 4, 2, 4, 2, 3, 1, 5, 3, 4, 2, 3, 2]
droneCarry = 5