[settings]
infectedLocations = [[4.89762, 7.27257], [10.12097, 12.35489], [16.91553, 13.72953], [9.03545, 15.97082], [15.14928, 11.62348], [16.15518, 24.45727], [16.59884, 12.60062], [15.69448, 1.52441], [18.96687, 9.96508], [2.50659, 6.7879], [17.51371, 13.19291], [1.02554, 9.54321], [7.65308, 15.6378], [20.05875, 24.47536], [24.57891, 16.71149], [12.81554, 12.36492], [2.0974, 23.66457], [1.3705, 13.17543], [16.09841, 24.05701], [1.0662, 19.50388], [14.83162, 9.83438], [14.13021, 1.89231], [13.73646, 9.31677], [9.35166, 4.34132], [9.18386, 4.69203], [23.3649, 8.21301], [2.37588, 11.96343], [7.14024, 21.6468], [21.27113, 14.16947], [20.0391, 5.38496], [11.66581, 7.12925], [22.64062, 15.51399], [19.50893, 20.32697], [6.44594, 7.72825], [13.23933, 24.25031], [24.96485, 8.30326], [2.65021, 15.75144], [5.8842, 20.03475], [24.05649, 9.84009], [7.80956, 18.22561], [19.63193, 17.56521], [22.02182, 3.8913], [15.84202, 3.61968], [4.20207, 13.7147], [9.75261, 22.02677], [6.65533, 14.41174], [6.98136, 16.5973], [10.35765, 5.74075], [16.83574, 23.42078], [17.98591, 23.10783]]
droneLocations = [[13.66155, 23.1889], [18.42617, 14.69733], [24.04666, 6.47641], [23.60903, 14.81236], [7.02178, 5.66817], [4.38509, 18.83648], [14.08281, 1.33327], [12.90618, 15.38406], [13.31262, 24.28978], [2.32982, 24.84799], [2.60951, 24.48607], [15.86845, 20.0123], [6.27386, 17.6963], [15.32296, 23.28353], [1.18071, 14.27496]]
tankLocations = [[6.58209, 9.63437], [9.86159, 0.69378], [5.04937, 21.22894], [1.73099, 14.65196], [20.54784, 0.15656], [19.45067, 0.66779], [17.12784, 13.36501], [15.32883, 15.85302], [18.03486, 6.70062], [12.4854, 22.74261]]
droneDirections = [[12.58195, 18.77912], [10.37623, 11.34198], [11.28012, 4.82424], [17.96915, 3.3489], [16.38142, 14.36371], [9.1145, 9.49001], [2.02256, 1.30809], [10.38766, 3.81072], [17.08361, 16.92741], [8.27762, 24.02597], [11.1091, 8.17953], [3.60243, 8.42974], [1.41278, 14.91032], [1.48481, 0.34405], [7.8195, 20.47966]]
infectedAmount = [5, 3, 5, 3, 5, 3, 1, 4, 1, 2, 5, 2, 2, 4, 3, 5, 4, 1, 1, 3, 5, 1, 5, 4, 2, 3, 1, 5, 3, 3, 1, 3, 1, 3, 5, 2, 4, 5, 4, 4, 2, 1, 1, 5, 4, 2, 4, 1, 2, 2]
droneCarry = 5
