[settings]
infectedLocations = [[9.63232, 22.82793], [23.7414, 6.49091], [22.63224, 3.29412], [13.65316, 3.11859], [16.39607, 22.44415], [7.02665, 5.63721], [3.48245, 24.01041], [8.27559, 11.15688], [19.23266, 17.21707], [15.68527, 8.62134], [0.2051, 14.80764], [22.11395, 20.97893], [4.63807, 4.19905], [3.62783, 23.63745], [10.67684, 9.25263], [9.24099, 19.67843], [21.72477, 10.90676], [3.52884, 13.99639], [6.14176, 2.54354], [22.55244, 10.38906], [10.48962, 21.13169], [12.1625, 11.6386], [14.9145, 4.49526], [2.68322, 0.09416], [22.28318, 24.01201], [2.01508, 4.71746], [11.57959, 2.04668], [15.02805, 19.51484], [0.07248, 23.73843], [18.06136, 12.88088], [7.01691, 17.77244], [14.7105, 21.27081], [21.29171, 8.79046], [8.52396, 6.3473], [12.45618, 14.12496], [14.16608, 14.19761], [22.87647, 0.42837], [19.32596, 11.62434], [9.17219, 5.3044], [23.09943, 17.31677], [19.56284, 4.35139], [0.02187, 21.4268], [5.71707, 24.09954], [17.26964, 15.24069], [16.67113, 7.51559], [24.59863, 0.77542], [13.46722, 4.72076], [7.14971, 21.07218], [20.37716, 16.79444], [17.34693, 16.03384]]
droneLocations = [[1.99155, 12.40631], [16.89032, 19.85899], [3.20839, 1.00018], [22.97636, 0.60126], [8.27231, 24.58531]]
tankLocations = [[16.96289, 1.23467], [8.06107, 21.64777], [22.96658, 16.17734], [15.90666, 8.57412], [24.39025, 21.95154], [1.03405, 22.96231], [11.94484, 1.33549], [1.25405, 8.22834], [13.28728, 15.69726], [7.59044, 4.67285], [17.45701, 24.70494], [14.3363, 20.72984], [11.06548, 13.32866], [18.041, 3.13899], [22.00696, 2.95489], [23.03946, 3.84749], [10.96365, 19.71311], [20.498, 16.67683], [6.35096, 18.93818], [10.14651, 20.42989]]
droneDirections = [[14.76369, 13.07411], [5.81476, 14.69342], [8.12547, 19.49762], [7.03962, 18.26767], [14.85274, 12.65995]]
infectedAmount = [1, 4, 4, 4, 4, 3, 1, 2, 1, 2, 5, 4, 2, 2, 3, 4, 4, 3, 2, 2, 2, 2, 3, 3, 5, 5, 1, 2, 3, 5, 1, 5, 3, 1, 2, 5, 1, 5, 4, 4, 3, 3, 5, 4, 3, 2, 3, 1, 4, 1]
droneCarry = 5