[settings]
infectedLocations = [[18.25039, 1.81284], [23.78613, 13.81186], [13.16824, 12.33497], [5.94182, 12.87184], [18.3844, 16.27072], [2.12078, 24.86897], [1.39885, 3.73573], [18.18729, 17.22068], [10.21687, 5.49445], [16.61497, 5.28751], [12.87262, 6.45283], [22.9283, 15.28792], [19.7579, 12.72771], [22.24973, 23.84187], [15.12843, 17.79091], [15.37145, 15.37577], [10.44403, 18.67054], [21.96569, 23.89638], [6.41901, 13.48672], [0.01994, 15.07901], [20.83033, 7.05244], [21.28168, 14.93317], [17.546, 19.13279], [7.8831, 3.13554], [8.55498, 12.5428], [18.63812, 6.7318], [12.67817, 24.95577], [5.17644, 8.47066], [1.45255, 3.02126], [14.36488, 16.69008], [18.21248, 6.23014], [19.86714, 18.32907], [8.11388, 11.6019], [14.23168, 3.05993], [10.60077, 2.34075], [16.90095, 4.57678], [10.11155, 24.60927], [0.70256, 8.42549], [1.07201, 24.62392], [1.49329, 19.07014], [7.7904, 10.60098], [14.35259, 6.67524], [22.97465, 20.12436], [22.75115, 1.48252], [17.15226, 15.20725], [17.48403, 0.49024], [20.54318, 20.33654], [16.96268, 5.75518], [21.73227, 2.01328], [13.2304, 15.70655]]
droneLocations = [[2.61813, 23.17406], [9.52711, 11.17204], [24.79729, 21.71424], [6.77529, 17.0699], [8.49106, 7.14497], [21.08885, 4.13082], [11.56689, 18.49259], [3.85023, 21.62562], [8.10347, 1.37785], [3.12417, 24.63967], [17.36567, 8.41644], [1.18275, 0.51681], [8.05936, 11.28922], [0.37349, 20.3734], [12.57771, 7.76435], [3.68761, 17.15571], [8.10063, 13.44709], [17.3628, 4.51497], [14.02971, 21.76478], [7.70166, 20.01741], [22.40555, 20.87297], [14.81379, 5.46653], [22.90232, 3.5348], [1.46457, 15.84177], [22.48571, 7.74013]]
tankLocations = [[24.0468, 5.23052], [24.11679, 16.12297], [13.1787, 11.77723], [11.6445, 13.43643], [8.86555, 23.99204]]
droneDirections = [[12.8406, 23.22984], [1.71753, 15.67756], [22.58831, 21.4105], [8.25294, 2.11046], [2.07923, 1.70799], [13.14224, 22.29013], [23.75685, 17.16094], [18.84235, 8.45594], [19.0066, 14.85127], [1.05984, 18.31913], [20.64729, 22.7628], [7.68332, 17.63181], [7.5817, 23.14605], [14.62134, 8.67095], [20.33369, 20.57431], [3.04232, 22.60274], [22.60477, 8.17643], [13.04424, 4.90363], [15.93576, 20.81742], [0.41319, 3.41554], [17.69205, 18.44618], [17.37999, 0.65961], [6.22869, 18.36158], [4.77437, 23.76054], [10.20505, 9.52243]]
infectedAmount = [5, 1, 5, 3, 4, 2, 3, 5, 4, 1, 3, 4, 5, 2, 5, 5, 5, 5, 5, 1, 2, 4, 2, 2, 4, 4, 4, 4, 4, 5, 2, 5, 2, 3, 4, 2, 4, 1, 4, 2, 5, 1, 4, 2, 3, 1, 1, 5, 5, 1]
droneCarry = 5